2799.698 1001
50 50
49 49
48 48
48 47
48 46
48 45
48 44
47 43
46 42
45 41
44 40
43 39
42 38
42 39
42 40
42 41
43 40
43 41
44 41
45 40
44 39
43 38
44 38
45 38
45 39
46 38
47 37
48 36
47 35
46 34
45 33
44 32
43 31
43 30
44 30
44 31
43 32
43 33
44 33
45 32
45 31
45 30
46 29
47 28
48 27
48 26
48 25
48 24
48 23
48 22
48 21
48 20
47 19
46 18
45 17
44 16
43 15
42 14
42 15
42 16
42 17
43 16
43 17
44 17
45 16
44 15
43 14
44 14
45 14
45 15
46 14
47 13
48 12
48 11
48 10
47 9
46 8
45 7
44 6
43 5
42 4
42 5
42 6
42 7
43 6
43 7
44 7
45 6
44 5
43 4
44 4
45 4
45 5
46 4
47 3
48 2
48 1
48 2
48 3
48 4
48 5
48 6
48 7
48 8
48 9
48 10
47 11
47 12
48 13
48 14
48 15
48 16
48 17
48 18
48 19
49 18
50 17
50 16
50 15
50 14
50 13
49 12
49 11
50 11
50 12
51 11
52 10
53 9
54 8
55 7
56 6
56 5
56 4
56 3
57 3
57 4
57 5
57 6
58 5
58 4
58 3
59 3
59 4
59 5
58 6
59 6
60 5
61 4
61 3
61 2
61 1
61 0
61 1
60 2
59 3
60 4
61 5
61 6
61 7
61 8
61 9
61 10
61 11
61 12
60 13
59 14
58 14
57 14
56 14
56 15
56 16
56 17
57 16
57 15
58 15
58 16
57 17
58 17
59 16
59 15
60 14
61 13
61 14
61 15
61 16
61 17
61 18
61 19
61 20
61 21
61 22
61 23
61 24
61 25
61 26
61 27
61 28
61 29
61 30
61 31
61 32
61 33
61 34
61 35
61 36
61 37
61 38
61 39
61 40
61 41
61 42
61 43
61 44
61 45
61 46
61 47
61 48
61 49
61 50
60 51
59 52
58 52
57 52
56 52
56 53
56 54
56 55
57 54
57 53
58 53
58 54
57 55
58 55
59 54
59 53
60 52
61 51
61 52
61 53
61 54
61 55
61 56
61 57
61 58
61 59
61 60
61 61
60 62
59 63
58 63
57 63
56 63
56 64
56 65
56 66
57 65
57 64
58 64
58 65
57 66
58 66
59 65
59 64
60 63
61 62
61 63
61 64
61 65
61 66
61 67
61 68
61 69
61 70
61 71
61 72
61 73
61 74
61 75
61 76
61 77
61 78
61 79
61 80
61 81
60 82
59 83
58 83
57 83
56 83
56 84
56 85
56 86
57 85
57 84
58 84
58 85
57 86
58 86
59 85
59 84
60 83
61 82
61 83
61 84
61 85
61 86
61 87
61 88
61 89
61 90
61 91
61 92
61 93
61 94
61 95
61 96
61 97
61 98
61 99
62 98
63 97
64 96
65 95
64 94
64 93
65 92
66 91
67 90
68 89
68 88
68 87
68 86
69 86
69 87
69 88
69 89
70 88
70 87
70 86
71 86
71 87
71 88
70 89
71 89
72 88
73 87
74 86
74 85
74 84
74 83
74 82
74 81
74 80
74 79
74 78
74 77
74 76
74 75
74 74
74 73
74 72
74 71
73 70
72 69
71 68
70 67
69 66
68 65
68 66
68 67
68 68
69 67
69 68
70 68
71 67
70 66
69 65
70 65
71 65
71 66
72 65
73 64
74 63
74 62
74 61
74 60
74 59
74 58
73 57
72 56
71 55
70 54
69 53
68 52
68 53
68 54
68 55
69 54
69 55
70 55
71 54
70 53
69 52
70 52
71 52
71 53
72 52
73 51
74 50
74 49
74 48
74 47
74 46
74 45
74 44
74 43
74 42
74 41
74 40
74 39
74 38
74 37
74 36
73 35
72 34
71 33
70 32
69 31
68 30
68 31
68 32
68 33
69 32
69 33
70 33
71 32
70 31
69 30
70 30
71 30
71 31
72 30
73 29
74 28
74 27
74 26
74 25
74 24
74 23
74 22
74 21
74 20
73 19
72 18
71 17
70 16
69 15
68 14
68 15
68 16
68 17
69 16
69 17
70 17
71 16
70 15
69 14
70 14
71 14
71 15
72 14
73 13
74 12
74 11
74 10
74 9
74 8
74 7
74 6
74 5
74 4
74 3
74 2
74 1
74 0
75 1
76 2
77 3
78 4
77 5
77 6
77 7
77 8
77 9
77 10
78 9
78 8
78 7
78 6
78 5
79 4
80 3
81 2
82 1
83 0
84 0
84 1
84 2
84 3
84 4
84 5
84 6
84 7
84 8
84 9
84 10
84 11
84 12
84 13
84 14
84 15
84 16
84 17
84 18
84 19
84 20
84 21
84 22
84 23
84 24
84 25
84 26
84 27
84 28
84 29
84 30
84 31
84 32
84 33
84 34
84 35
84 36
84 37
84 38
84 39
84 40
84 41
84 42
84 43
84 44
84 45
84 46
84 47
84 48
84 49
84 50
84 51
84 52
84 53
84 54
84 55
84 56
84 57
84 58
84 59
84 60
84 61
84 62
84 63
84 64
84 65
84 66
84 67
84 68
84 69
84 70
84 71
84 72
84 73
84 74
84 75
84 76
84 77
84 78
84 79
84 80
84 81
84 82
84 83
84 84
84 85
84 86
84 87
84 88
84 89
84 90
84 91
84 92
84 93
84 94
84 95
84 96
84 97
84 98
84 99
83 98
82 97
81 96
80 95
79 94
78 93
77 92
77 91
77 90
77 89
77 88
77 87
78 86
78 87
78 88
78 89
78 90
78 91
78 92
79 91
79 90
79 89
79 88
79 87
79 86
79 85
79 84
78 83
77 82
77 81
77 80
77 79
77 78
77 77
78 76
78 77
78 78
78 79
78 80
78 81
78 82
79 81
79 80
79 79
79 78
79 77
79 76
79 75
80 74
80 75
80 76
80 77
80 78
80 79
80 80
80 81
79 82
79 83
80 82
80 83
80 84
80 85
80 86
80 87
80 88
80 89
80 90
80 91
79 92
79 93
80 92
80 93
80 94
81 93
81 92
81 91
81 90
81 89
81 88
81 87
81 86
81 85
81 84
81 83
81 82
81 81
81 80
81 79
81 78
81 77
81 76
81 75
81 74
81 73
82 72
82 73
82 74
82 75
82 76
82 77
82 78
82 79
82 80
82 81
82 82
82 83
82 84
82 85
82 86
82 87
82 88
82 89
82 90
82 91
82 92
82 93
81 94
81 95
82 94
82 95
82 96
83 95
83 94
83 93
83 92
83 91
83 90
83 89
83 88
83 87
83 86
83 85
83 84
83 83
83 82
83 81
83 80
83 79
83 78
83 77
83 76
83 75
83 74
83 73
83 72
83 71
84 70
85 70
85 71
85 72
85 73
85 74
85 75
85 76
85 77
85 78
85 79
85 80
85 81
85 82
85 83
85 84
85 85
85 86
85 87
85 88
85 89
85 90
85 91
85 92
85 93
85 94
85 95
85 96
85 97
85 98
85 99
86 98
86 97
86 96
86 95
86 94
86 93
86 92
86 91
86 90
86 89
86 88
86 87
86 86
86 85
86 84
86 83
86 82
86 81
86 80
86 79
86 78
86 77
86 76
86 75
86 74
86 73
86 72
86 71
86 70
86 69
87 68
87 69
87 70
87 71
87 72
87 73
87 74
87 75
87 76
87 77
87 78
87 79
87 80
87 81
87 82
87 83
87 84
87 85
87 86
87 87
87 88
87 89
87 90
87 91
87 92
87 93
87 94
87 95
87 96
87 97
87 98
86 99
87 99
88 98
88 97
88 96
88 95
88 94
88 93
88 92
88 91
88 90
88 89
88 88
88 87
88 86
88 85
88 84
88 83
88 82
88 81
88 80
88 79
88 78
88 77
88 76
88 75
88 74
88 73
88 72
88 71
88 70
88 69
88 68
88 67
89 66
89 67
89 68
89 69
89 70
89 71
89 72
89 73
89 74
89 75
89 76
89 77
89 78
89 79
89 80
89 81
89 82
89 83
89 84
89 85
89 86
89 87
89 88
89 89
89 90
89 91
89 92
89 93
89 94
89 95
89 96
89 97
89 98
88 99
89 99
90 98
90 97
90 96
90 95
90 94
90 93
90 92
90 91
90 90
90 89
90 88
90 87
90 86
90 85
90 84
90 83
90 82
90 81
90 80
90 79
90 78
90 77
90 76
90 75
90 74
90 73
90 72
90 71
90 70
90 69
90 68
90 67
90 66
90 65
91 64
91 65
91 66
91 67
91 68
91 69
91 70
91 71
91 72
91 73
91 74
91 75
91 76
91 77
91 78
91 79
91 80
91 81
91 82
91 83
91 84
91 85
91 86
91 87
91 88
91 89
91 90
91 91
91 92
91 93
91 94
91 95
91 96
91 97
91 98
90 99
91 99
92 98
92 97
92 96
92 95
92 94
92 93
92 92
92 91
92 90
92 89
92 88
92 87
92 86
92 85
92 84
92 83
92 82
92 81
