897 101
50 50
49 50
48 50
47 49
46 49
45 50
46 51
45 52
44 53
45 53
45 54
44 55
45 56
45 57
44 58
45 59
46 59
47 58
48 57
48 58
48 59
49 59
49 60
49 61
49 62
50 63
51 63
52 63
52 64
53 63
53 62
54 61
54 60
54 59
55 58
55 57
55 56
54 55
53 55
52 54
51 53
51 52
50 51
49 51
48 52
47 51
46 50
47 50
48 49
47 48
48 48
49 47
49 46
48 45
49 44
49 45
50 46
50 47
51 48
52 48
53 48
53 49
54 48
55 47
54 46
53 45
53 44
52 43
52 42
53 41
54 42
55 43
56 43
56 44
55 44
56 45
57 45
58 44
58 43
58 42
57 41
58 40
58 39
58 38
58 37
57 36
56 36
55 35
55 34
56 33
55 33
54 32
54 31
53 30
52 29
51 28
50 28
51 27
50 26
49 26
48 26
