362.76 101
50 50
49 49
48 48
48 47
48 46
48 45
48 44
47 43
46 42
45 41
44 40
43 39
42 38
42 39
42 40
42 41
43 40
43 41
44 41
45 40
44 39
43 38
44 38
45 38
45 39
46 38
47 37
48 36
47 35
46 34
45 33
44 32
43 31
43 30
44 30
44 31
43 32
43 33
44 33
45 32
45 31
44 30
44 31
45 30
46 29
47 28
48 27
48 26
48 25
48 24
48 23
48 22
48 21
48 20
47 19
46 18
45 17
44 16
43 15
42 14
42 15
42 16
42 17
43 16
43 17
44 17
45 16
44 15
43 14
44 14
45 14
45 15
46 14
47 13
48 12
48 11
48 10
47 9
46 8
45 7
44 6
43 5
42 4
42 5
42 6
42 7
43 6
43 7
44 7
45 6
44 5
43 4
44 4
45 4
45 5
46 4
47 3
48 2
48 1
48 2
48 3
