882 101
50 50
49 50
48 50
47 49
46 49
45 50
46 51
45 52
44 53
45 53
45 54
44 55
45 56
45 57
44 58
45 59
46 59
47 58
48 57
48 58
48 59
49 59
49 60
49 61
49 62
50 63
51 63
52 63
52 64
53 63
53 62
54 61
55 62
56 61
57 62
58 61
59 61
60 60
60 59
59 58
58 57
57 57
56 56
55 56
54 55
53 55
52 54
51 53
51 52
50 51
51 50
52 49
52 48
53 48
53 49
54 48
55 47
56 46
56 45
56 44
55 43
54 42
53 41
52 42
52 43
52 44
51 45
50 46
49 46
48 45
49 44
48 44
47 43
46 42
46 41
45 40
46 39
46 38
45 37
44 37
43 36
42 36
41 35
40 35
39 34
38 35
37 34
36 33
35 32
34 31
33 30
32 31
31 30
30 29
30 28
29 27
30 26
30 25
31 24
31 25
31 26
