8402 1001
20 20
19 19
19 20
20 19
20 18
21 19
22 18
22 17
23 16
22 15
23 14
24 15
25 14
25 15
26 15
27 14
26 13
27 12
28 11
27 10
26 9
26 8
25 7
24 8
23 9
24 10
23 11
24 11
25 10
25 9
25 8
24 7
25 6
24 5
25 4
24 3
23 2
24 1
23 1
22 0
21 0
20 1
19 1
20 2
19 3
19 4
18 4
17 5
17 6
17 7
16 8
17 8
16 9
15 10
16 10
17 11
16 12
17 13
16 14
15 13
14 14
13 13
12 12
13 11
13 10
12 9
11 9
10 9
9 8
9 7
10 6
11 5
11 4
12 3
13 3
14 3
15 4
14 5
15 5
15 6
14 7
13 7
12 6
12 5
11 6
10 5
9 4
8 4
8 5
8 6
7 6
6 7
5 7
4 6
3 7
2 8
1 7
0 8
0 9
1 8
2 7
3 8
4 9
5 10
5 11
5 12
6 11
7 12
8 12
8 11
9 12
10 13
11 14
11 15
10 16
9 16
9 17
8 18
8 19
9 20
10 20
11 21
10 22
10 23
11 24
12 24
12 25
13 26
14 27
15 28
16 27
17 26
18 26
19 25
20 26
21 25
21 24
22 23
23 24
23 23
24 22
24 21
25 21
26 20
27 19
28 18
29 19
30 18
31 19
31 20
30 21
30 22
30 23
31 24
30 25
30 26
29 27
30 28
31 27
32 26
31 25
31 26
32 25
33 24
34 25
35 26
34 27
33 27
32 28
33 29
33 30
34 31
35 32
36 33
37 34
38 35
39 34
40 35
41 35
42 36
43 36
44 37
45 37
46 38
46 39
45 40
46 41
46 42
46 43
47 44
48 45
49 46
49 47
48 48
47 48
46 49
45 50
46 51
45 52
44 53
45 53
45 54
44 55
45 56
45 57
44 58
45 59
46 59
47 58
48 57
48 58
48 59
49 59
49 60
49 61
49 62
50 63
51 63
52 63
52 64
53 63
53 62
54 61
54 60
54 59
55 58
55 57
55 56
54 55
53 55
52 54
51 53
51 52
50 51
49 50
48 50
47 49
46 50
47 50
48 51
48 52
49 51
50 50
51 49
52 48
53 48
53 49
54 48
55 47
54 46
53 45
53 44
52 43
52 42
53 41
54 42
55 43
56 43
56 44
55 44
56 45
57 45
58 44
58 43
58 42
57 41
58 40
58 39
58 38
58 37
57 36
56 36
55 35
55 34
56 33
55 33
54 32
54 31
53 30
52 29
51 28
50 28
51 27
50 26
49 26
48 26
47 25
47 24
46 23
45 22
44 21
43 21
42 22
41 22
40 21
39 21
40 20
39 19
39 18
38 17
37 17
36 16
35 15
34 14
33 14
32 13
31 13
30 12
31 11
32 11
33 10
34 9
35 8
34 7
33 6
32 6
33 5
33 4
34 3
35 2
36 1
35 1
36 2
37 1
38 0
38 1
39 0
39 1
40 1
41 1
42 0
43 1
44 0
45 1
46 0
47 1
48 0
49 1
49 2
49 3
48 4
47 4
46 4
45 3
44 3
43 2
42 1
42 2
41 3
41 4
41 5
42 5
43 6
44 6
45 6
46 7
46 8
47 9
47 10
48 11
49 11
50 12
51 13
52 13
53 14
54 15
55 14
56 13
56 12
57 11
58 10
58 9
58 8
59 7
58 6
57 6
57 5
58 4
59 4
60 3
61 3
62 3
63 3
64 4
65 5
64 6
64 7
63 8
62 8
62 9
63 9
64 8
65 9
66 9
67 10
68 10
69 11
70 12
69 13
68 13
67 14
66 14
66 15
67 15
68 16
69 17
70 17
70 18
70 19
71 18
72 17
72 16
72 15
73 16
74 16
75 17
75 16
75 15
75 14
74 13
75 12
74 11
73 10
72 9
73 8
73 7
73 6
73 5
74 4
75 3
74 2
73 1
72 0
71 1
70 0
69 0
68 1
67 0
68 0
69 1
68 2
67 3
68 4
68 5
69 6
69 5
70 4
70 5
71 4
71 3
72 2
73 2
74 1
75 2
76 3
77 2
78 1
79 2
79 3
79 4
80 5
81 6
82 7
81 8
80 9
79 8
78 9
77 8
77 9
77 10
78 11
79 11
80 12
79 13
80 14
81 15
82 16
81 17
80 18
79 17
79 18
78 19
78 20
77 21
78 21
79 21
80 22
81 23
80 24
79 24
78 24
77 25
76 26
75 26
74 25
73 25
72 25
71 24
71 25
72 26
72 27
71 28
72 29
72 28
73 27
73 28
74 28
75 27
76 28
77 29
78 29
79 28
80 29
81 29
81 28
80 27
81 27
82 26
83 26
84 25
85 24
85 23
86 22
86 21
86 20
85 20
84 19
83 18
84 18
85 17
86 18
87 17
88 18
89 17
90 18
91 18
92 18
93 17
94 18
94 17
95 16
94 15
93 14
92 15
91 15
90 14
89 15
88 14
87 13
86 13
87 12
86 11
87 10
87 9
87 8
86 7
85 8
84 9
83 9
82 10
81 9
81 10
81 11
81 12
82 13
83 14
84 13
85 13
86 14
87 14
86 15
85 16
84 16
83 17
82 17
81 18
81 19
80 20
81 21
82 22
82 23
83 22
83 21
84 21
85 22
86 23
87 24
87 25
88 26
89 25
90 24
91 24
92 23
91 22
91 23
92 22
93 23
94 24
95 23
96 22
97 21
98 22
99 23
98 24
97 24
97 25
96 26
97 27
97 28
96 29
96 30
97 31
98 32
98 33
98 34
99 35
98 36
97 36
96 35
95 34
94 34
93 33
92 33
91 34
90 34
89 34
88 35
89 36
90 37
89 37
88 37
87 37
88 38
89 39
89 40
90 40
91 41
91 42
90 43
91 44
92 44
93 44
94 43
95 44
94 45
94 46
94 47
94 48
95 47
96 47
97 48
98 49
99 50
99 51
99 52
98 53
97 54
96 55
96 56
96 57
95 57
94 56
93 55
94 54
94 55
95 54
96 53
95 52
94 51
93 50
92 49
91 48
90 48
89 47
88 46
87 47
86 46
85 46
84 47
83 46
82 47
83 48
83 47
84 46
85 47
84 48
84 49
83 50
82 50
81 51
82 52
82 53
81 54
82 55
82 56
83 57
84 58
84 59
83 59
82 60
82 61
82 62
83 62
84 62
85 62
86 61
85 60
85 59
86 60
87 61
87 60
88 59
89 60
90 61
90 62
90 63
91 64
90 65
90 66
89 67
90 68
91 68
91 69
90 69
89 68
88 69
87 68
86 69
85 68
84 67
83 67
82 67
81 66
81 67
80 68
79 69
78 68
77 68
76 69
75 68
75 67
75 66
74 65
73 66
72 67
71 68
70 68
69 67
68 66
67 66
66 67
65 66
64 65
64 64
63 63
64 62
65 61
66 62
67 62
68 61
69 61
70 61
69 62
69 63
69 64
70 64
70 63
70 62
71 61
72 62
73 61
74 62
75 61
74 60
73 59
72 58
73 57
72 56
71 56
72 55
73 55
74 54
74 55
75 56
76 57
76 58
77 58
78 57
78 58
78 59
78 60
79 59
79 60
80 59
80 60
80 61
80 62
79 63
79 64
79 65
80 65
81 64
82 65
83 65
84 65
84 66
85 65
86 64
87 65
88 65
87 66
86 67
86 68
85 69
86 70
85 71
84 71
85 72
84 73
85 73
86 74
85 75
85 76
86 77
87 76
88 77
88 78
87 79
86 80
85 79
84 79
83 80
82 80
81 81
82 81
83 82
82 83
81 84
80 85
80 86
79 87
80 87
80 88
79 89
78 90
77 91
76 92
75 92
74 92
74 93
73 94
73 95
73 96
72 97
71 98
70 97
70 98
70 99
69 98
68 97
67 96
67 95
68 94
69 93
69 94
70 95
71 95
71 94
72 94
73 93
72 92
73 91
72 90
72 89
71 88
70 88
71 87
72 87
73 86
73 85
73 84
73 83
72 82
73 81
74 80
74 81
74 82
75 83
76 82
77 82
77 83
76 84
77 84
78 83
78 82
79 81
79 80
80 81
80 82
79 83
79 84
79 85
78 86
77 87
76 87
75 86
74 86
73 87
72 86
71 85
70 85
69 86
68 85
67 86
66 87
65 86
65 85
65 84
65 83
66 82
67 82
68 81
69 80
70 80
71 79
71 78
72 77
72 76
73 75
74 75
75 76
75 77
76 76
77 77
78 76
79 75
79 74
78 73
77 73
76 72
76 71
76 70
75 70
74 71
73 70
72 69
71 68
72 67
73 66
74 65
75 66
75 67
74 68
73 67
72 66
71 66
70 65
69 64
68 65
67 66
66 67
65 66
64 65
64 64
63 63
64 62
65 61
66 62
67 62
68 61
69 61
70 61
69 62
69 63
70 62
71 61
72 62
73 61
74 62
75 61
74 60
73 59
72 58
73 57
72 56
71 56
72 55
73 55
74 54
74 55
75 56
76 57
76 58
77 58
78 57
78 58
78 59
78 60
79 59
79 60
80 59
